4 6 7 10 11 12 15 16 18 19 20 25 27 28 29 30 31 32 39 42 45 46 47 48 49 51 52 53 54 56 63
67 71 72 73 74 75 78 79 81 82 85 86 87 88 90 91 103 111 115 117 119 123 125 127 130 131
132 135 136 137 138 139 140 141 142 143 146 147 151 155 177 179 185 191 193 201 203 205
207 208 210 211 213 214 215 219 220 221 223 227 228 229 230 231 235 237 238 239 240 244
247 251 265 271 291 295 299 301 303 315 322 325 329 331 333 337 339 341 343 345 347 350
355 357 358 359 361 362 363 369 373 374 379 385 387 389 391 399 400 407 413 427 437 455
463 467 475 477 481 483 487 497 507 509 515 519 521 529 535 539 541 543 551 555 559 561
563 567 573 575 577 579 583 585 591 593 594 605 607 609 611 621 622 623 625 626 627 628
629 633 639 641 645 646 647 656 677 683 699 703 709 719 721 759 787 797 805 813 827 837
839 847 851 855 859 869 871 875 883 887 891 897 901 907 911 913 915 921 923 925 927 933
935 937 939 943 949 953 955 961 963 967 969 971 973 975 977 979 989 991 993 995 999 1001
1003 1007 1009 1013 1015 1017 1018 1019 1023 1031 1041 1043 1045 1047 1063 1069 1081
1083 1095 1103 1111 1117 1123 1129 1159 1171 1179 1189 1235 1247 1281 1287 1333 1339
1363 1383 1385 1389 1397 1439 1441 1459 1461 1463 1469 1477 1493 1513 1517 1519 1523
1525 1526 1527 1531 1539 1541 1553 1567 1569 1571 1573 1581 1595 1598 1603 1605 1615
1623 1625 1631 1635 1639 1642 1643 1647 1651 1655 1657 1667 1671 1679 1685 1687 1691
1703 1711 1723 1729 1747 1751 1759 1763 1767 1771 1791 1793 1817 1823 1829 1871 1923
1931 1937 2081 2111 2119 2171 2179 2195 2209 2237 2239 2249 2269 2287 2291 2299 2353
2355 2359 2369 2377 2379 2381 2399 2403 2411 2427 2451 2457 2471 2481 2485 2491 2497
2499 2513 2515 2517 2519 2539 2549 2555 2567 2569 2571 2577 2593 2597 2599 2605 2611
2619 2621 2625 2633 2639 2643 2653 2657 2667 2677 2685 2713 2715 2721 2731 2737 2743
2755 2758 2761 2771 2811 2815 2821 2831 2835 2839 2841 2861 2863 2921 2933 2941 2951
2975 2989 3061 3113 3119 3137 3259 3287 3371 3389 3403 3409 3439 3515 3535 3601 3613
3619 3635 3647 3679 3763 3775 3791 3831 3847 3867 3871 3895 3913 3923 3927 3931 3935
3955 3967 3979 3983 3985 3991 4013 4039 4043 4049 4063 4067 4069 4081 4095 4103 4107
4111 4113 4119 4139 4151 4165 4175 4177 4189 4195 4199 4203 4207 4209 4229 4233 4259
4263 4287 4303 4305 4331 4337 4367 4375 4379 4411 4417 4431 4433 4435 4451 4465 4475
4487 4519 4521 4522 4529 4547 4555 4561 4565 4579 4603 4607 4619 4657 4667 4675 4691
4727 4739 4741 4787 4795 4803 4811 4867 4907 4981 4997 5011 5033 5041 5099 5173 5227
5417 5423 5581 5591 5603 5611 5653 5719 5725 5821 5885 5939 5993 5997 5999 6167 6171
6223 6301 6313 6323 6451 6477 6491 6499 6539 6563 6575 6577 6607 6617 6627 6653 6727
6739 6751 6755 6757 6803 6827 6901 6929 6941 6947 6973 6977 6983 7049 7055 7059 7067
7117 7169 7175 7193 7203 7211 7265 7279 7343 7357 7369 7371 7379 7385 7401 7419 7431
7441 7451 7457 7459 7463 7489 7517 7559 7619 7649 7679 7733 7769 7775 7811 7817 7819
7847 7927 7987 8041 8047 8057 8059 8107 8117 8167 8261 8393 8399 8461 8467 8831 9023
9089 9131 9181 9463 9581 9611 9647 9691 9767 9811 9863 9883 10037 10079 10093 10127
10293 10399 10581 10733 10747 10751 10775 10789 10999 11027 11029 11167 11183 11257
11353 11413 11425 11443 11503 11543 11603 11639 11669 11671 11759 11769 11793 11827
11969 11989 12019 12079 12089 12121 12131 12323 12329 12517 12547 12565 12583 12639
12749 12931 12953 12979 12989 13015 13051 13099 13111 13139 13199 13291 13363 13501
13513 13607 13643 13807 13879 14483 14993 15329 16643 16693 16751 16879 17131 17183
17233 17427 17471 17507 17571 17759 17837 18221 18275 18383 18389 18667 18679 18893
18899 18943 19139 19207 19265 19333 19477 19481 19565 19765 19939 20009 20373 20387
20447 20537 20543 20659 21223 21419 21527 21989 22183 22453 24101 24239 24433 25499
26167 26219 26719 27167 27527 29371 29537 29639 30319 30471 30821 31493 31997 32699
32767 32857 32873 33031 33073 34139 34483 34789 34909 36619 37027 43039 45983 47401
48917 49253 55487 88013
